0.002870
0.134213
0.950032
0.664919
0.004545
0.512632
0.931851
0.514789
0.009273
0.880985
0.813260
0.471350
0.739108
0.108881
0.831353
0.318176
0.431732
0.732581
0.720834
0.203926
0.405858
0.787832
0.492252
0.489694
0.507358
0.090765
0.650607
0.213693
0.660800
0.114865
0.502325
0.663670
0.249078
0.452357
0.328589
0.253623
0.964989
0.260440
0.768412
0.974262
0.141425
0.581672
0.445612
0.880532
0.690553
0.276965
0.198708
0.122285
0.009546
0.919542
0.326211
0.415403
0.707375
0.818463
0.905098
0.214733
0.909229
0.555705
0.428426
0.570029
0.670570
0.930751
0.233699
0.919648
0.383107
0.562288
0.173271
0.348096
0.822728
0.941683
0.322358
0.964153
0.523355
0.767970
0.844685
0.213907
0.044935
0.043393
0.336192
0.054480
0.962936
0.662403
0.469884
0.670310
0.480866
0.374982
0.885043
0.390095
0.930687
0.313469
